FROM: 1234554321678901 TO: 6789009876543213 MONEY AMOUNT: 1212121.0 DATE: 2024-06-03 TIME: 10:03:35.666295100
FROM: 6789009876543213 TO: 5432167890123450 MONEY AMOUNT: 1212121.0 DATE: 2024-06-03 TIME: 10:13:38.241526400
