FROM: 4169738812142314 MONEY AMOUNT: 1232.0 DATE:  MONEY LEFT: 99998768.0 DATE: 2024-06-03 TIME: 00:20:53.974976200
FROM: 4169738810217970 MONEY AMOUNT: 1.2121212E7 DATE:  MONEY LEFT: 87878788 DATE: 2024-06-03 TIME: 10:06:14.900332700
FROM: 4169738812142314 MONEY AMOUNT: 21.0 DATE:  MONEY LEFT: 99999979.0 DATE: 2024-06-03 TIME: 10:07:25.691950
